0, 0.471891
1, 0.383319
2, 0.375538
3, 0.374254
4, 0.373074
5, 0.373167
6, 0.372585
7, 4.67788e-310
8, 0.372292
9, 0.372147
10, 0.372138
11, 0.373906
12, 0.371756
13, 0.371815
14, 0.371974
15, 0.372123
16, 0.372346
17, 0.373263
18, 0.373335
19, 0.37329
20, 0.375717
21, 0.372164
22, 0.372286
23, 0.372021
24, 0.374315
25, 0.39386
26, 0.394232
27, 0.393941
28, 0.395857
29, 0.396573
30, 0.394936
31, 0.396063
32, 0.393801
33, -nan
0, 0.238925
1, 0.195515
2, 0.195151
3, 0.196498
4, 0.19558
5, 0.195643
6, 0.195308
7, 4.65428e-310
8, 0.195474
9, 0.196706
10, 0.196683
11, 0.195483
12, 0.19566
13, 0.195994
14, 0.196298
15, 0.195434
16, 0.195287
17, 0.195338
18, 0.195243
19, 0.196119
20, 0.196132
21, 0.195971
22, 0.196188
23, 0.196007
24, 0.19605
25, 0.196344
26, 0.195971
27, 0.196351
28, 0.196138
29, 0.195594
30, 0.19561
31, 0.196533
32, 0.195607
33, -nan
0, 0.433835
1, 0.390939
2, 0.390484
3, 0.391855
4, 0.399785
5, 0.571093
6, 0.571162
7, 4.65428e-310
8, 0.49754
9, 0.392102
10, 0.392073
11, 0.390318
12, 0.393158
13, 0.392983
14, 0.393158
15, 0.393279
16, 0.574924
17, 0.392583
18, 0.391962
19, 0.393404
20, 0.394602
21, 0.392762
22, 0.447335
23, 0.574452
24, 0.57432
25, 0.452317
26, 0.392889
27, 0.395366
28, 0.393298
29, 0.392469
30, 0.392846
31, 0.393414
32, 0.392812
33, -nan
0, 0.630904
1, 0.588818
2, 0.768376
3, 0.770229
4, 0.688006
5, 0.950448
6, 0.950541
7, 4.65428e-310
8, 0.876
9, 0.770531
10, 0.770565
11, 0.769053
12, 0.772103
13, 0.656779
14, 0.590558
15, 0.590829
16, 0.772357
17, 0.58995
18, 0.588797
19, 0.589673
20, 0.593504
21, 0.589736
22, 0.644081
23, 0.771218
24, 0.770861
25, 0.650428
26, 0.58975
27, 0.592182
28, 0.59053
29, 0.589306
30, 0.591731
31, 0.590151
32, 0.589514
33, -nan
0, 1.00914
1, 0.966845
2, 0.965395
3, 0.967222
4, 0.88541
5, 1.14783
6, 1.14733
7, 4.65428e-310
8, 1.07328
9, 0.969488
10, 0.967599
11, 0.96594
12, 0.981875
13, 1.03642
14, 0.96863
15, 0.88796
16, 0.969126
17, 0.786848
18, 0.785371
19, 0.786124
20, 0.870336
21, 0.787427
22, 0.841593
23, 1.14921
24, 0.968962
25, 0.84764
26, 0.787135
27, 0.789064
28, 0.789355
29, 0.785989
30, 0.788088
31, 0.78681
32, 0.786129
33, -nan
0, 1.20558
1, 1.1639
2, 1.16286
3, 1.16663
4, 1.08268
5, 1.34463
6, 1.34354
7, 4.65428e-310
8, 1.27041
9, 1.16647
10, 1.16461
11, 1.16376
12, 1.17951
13, 1.23434
14, 1.1665
15, 1.08596
16, 1.16601
17, 0.983599
18, 0.982534
19, 0.983096
20, 1.06716
21, 0.984268
22, 1.0384
23, 1.34831
24, 1.1672
25, 1.0456
26, 1.13293
27, 1.17028
28, 1.13355
29, 0.983936
30, 0.986362
31, 0.984765
32, 0.98404
33, -nan
0, 1.40331
1, 1.36177
2, 1.36108
3, 1.36448
4, 1.28014
5, 1.54248
6, 1.54156
7, 4.65428e-310
8, 1.46869
9, 1.36432
10, 1.36217
11, 1.36178
12, 1.37736
13, 1.43243
14, 1.36559
15, 1.28404
16, 1.36394
17, 1.18176
18, 1.1805
19, 1.1812
20, 1.26632
21, 1.18212
22, 1.23646
23, 1.54635
24, 1.36528
25, 1.24403
26, 1.33079
27, 1.36822
28, 1.3324
29, 1.18179
30, 1.25308
31, 1.36508
32, 1.36494
33, -nan
0, 1.60324
1, 1.55981
2, 1.55905
3, 1.56241
4, 1.47821
5, 1.74096
6, 1.73953
7, 4.65428e-310
8, 1.66673
9, 1.56231
10, 1.56007
11, 1.55978
12, 1.57538
13, 1.6302
14, 1.56355
15, 1.48218
16, 1.5617
17, 1.37983
18, 1.37821
19, 1.37905
20, 1.4641
21, 1.37928
22, 1.43444
23, 1.74415
24, 1.56305
25, 1.44203
26, 1.52844
27, 1.74928
28, 1.53154
29, 1.37976
30, 1.45075
31, 1.56286
32, 1.56295
33, -nan
0, 1.80068
1, 1.75759
2, 1.75706
3, 1.76028
4, 1.6762
5, 1.93874
6, 1.93724
7, 4.65428e-310
8, 1.86465
9, 1.76016
10, 1.75804
11, 1.75731
12, 1.77327
13, 1.82958
14, 1.76262
15, 1.68018
16, 1.76043
17, 1.57749
18, 1.57618
19, 1.57861
20, 1.66202
21, 1.57704
22, 1.63214
23, 1.94375
24, 1.76306
25, 1.63985
26, 1.72598
27, 1.94709
28, 1.72945
29, 1.57742
30, 1.65159
31, 1.76102
32, 1.76092
33, -nan
0, 1.99881
1, 1.95558
2, 1.95519
3, 1.95944
4, 1.8743
5, 2.13685
6, 2.13544
7, 4.65428e-310
8, 2.06263
9, 1.95802
10, 1.95621
11, 1.95532
12, 1.99353
13, 2.21043
14, 1.96067
15, 2.05699
16, 1.96015
17, 1.77713
18, 1.77584
19, 1.78406
20, 1.8615
21, 1.77515
22, 1.83008
23, 2.14117
24, 1.96112
25, 1.83779
26, 1.92587
27, 2.14513
28, 1.92752
29, 1.7755
30, 1.8497
31, 1.96034
32, 2.14138
33, -nan
0, 2.19705
1, 2.15358
2, 2.15548
3, 2.15753
4, 2.07231
5, 2.33494
6, 2.33342
7, 4.65428e-310
8, 2.26075
9, 2.15612
10, 2.154
11, 2.15321
12, 2.19241
13, 2.41484
14, 2.15895
15, 2.2564
16, 2.15968
17, 1.97677
18, 1.97563
19, 1.98354
20, 2.06131
21, 1.97394
22, 2.02791
23, 2.33925
24, 2.15889
25, 2.03725
26, 2.1236
27, 2.34297
28, 2.12726
29, 1.97333
30, 2.04757
31, 2.15866
32, 2.33886
33, -nan
0, 2.39502
1, 2.35139
2, 2.35344
3, 2.3555
4, 2.26988
5, 2.53299
6, 2.53226
7, 4.65428e-310
8, 2.4594
9, 2.35601
10, 2.53709
11, 2.35313
12, 2.46397
13, 2.79727
14, 2.53984
15, 2.49323
16, 2.35727
17, 2.1764
18, 2.17371
19, 2.18135
20, 2.25899
21, 2.17176
22, 2.22586
23, 2.53825
24, 2.35695
25, 2.23559
26, 2.50474
27, 2.54119
28, 2.32532
29, 2.17171
30, 2.24548
31, 2.35684
32, 2.53695
33, -nan
0, 2.59322
1, 2.551
2, 2.55164
3, 2.55591
4, 2.46854
5, 2.73226
6, 2.73157
7, 4.65428e-310
8, 2.65873
9, 2.55532
10, 2.73651
11, 2.55267
12, 2.66349
13, 3.00163
14, 2.73937
15, 2.79615
16, 2.73858
17, 2.55771
18, 2.37815
19, 2.37924
20, 2.45698
21, 2.36972
22, 2.42384
23, 2.73622
24, 2.55474
25, 2.43369
26, 2.70273
27, 2.73919
28, 2.52325
29, 2.36973
30, 2.44353
31, 2.55654
32, 2.73486
33, -nan
0, 2.79312
1, 2.74908
2, 2.74959
3, 2.75357
4, 2.66658
5, 2.93029
6, 2.92968
7, 4.65428e-310
8, 3.03873
9, 2.75331
10, 2.93458
11, 2.75073
12, 2.8615
13, 3.20106
14, 2.93729
15, 2.99372
16, 2.93664
17, 2.75554
18, 2.57611
19, 2.58346
20, 2.65657
21, 2.56954
22, 2.62348
23, 2.93551
24, 2.75427
25, 2.63297
26, 2.90068
27, 2.93693
28, 2.72271
29, 2.569
30, 2.64302
31, 2.76079
32, 2.93453
33, -nan
0, 2.99066
1, 2.94779
2, 2.94766
3, 2.95156
4, 2.86418
5, 3.12786
6, 3.12756
7, 4.65428e-310
8, 3.23667
9, 2.9514
10, 3.13207
11, 2.94854
12, 3.05962
13, 3.39907
14, 3.13529
15, 3.19122
16, 3.1343
17, 2.95366
18, 2.77385
19, 2.7812
20, 2.85453
21, 2.76709
22, 2.82115
23, 3.13313
24, 2.95205
25, 2.90012
26, 3.28346
27, 3.31963
28, 2.96234
29, 2.76671
30, 2.84172
31, 2.95882
32, 3.13255
33, -nan
0, 3.1887
1, 3.14704
2, 3.1456
3, 3.14958
4, 3.06196
5, 3.32585
6, 3.32563
7, 4.65428e-310
8, 3.43472
9, 3.1493
10, 3.33087
11, 3.14747
12, 3.2587
13, 3.59809
14, 3.33968
15, 3.38902
16, 3.33237
17, 3.15176
18, 2.9721
19, 2.97918
20, 3.05264
21, 2.96501
22, 3.01925
23, 3.33125
24, 3.1512
25, 3.10517
26, 3.48869
27, 3.52499
28, 3.17556
29, 2.97058
30, 3.03976
31, 3.15746
32, 3.33039
33, -nan
0, 3.38653
1, 3.34525
2, 3.34345
3, 3.34766
4, 3.25988
5, 3.52386
6, 3.52352
7, 4.65428e-310
8, 3.63219
9, 3.34897
10, 3.5289
11, 3.39539
12, 3.63938
13, 3.97865
14, 3.599
15, 3.58687
16, 3.53022
17, 3.3498
18, 3.1701
19, 3.17793
20, 3.25132
21, 3.16407
22, 3.2182
23, 3.53007
24, 3.34886
25, 3.48624
26, 3.86963
27, 3.72284
28, 3.37338
29, 3.16858
30, 3.23771
31, 3.35552
32, 3.5295
33, -nan
0, 3.58408
1, 3.54325
2, 3.54375
3, 3.66027
4, 3.45788
5, 3.9048
6, 3.80483
7, 4.65428e-310
8, 3.83006
9, 3.54685
10, 3.72668
11, 3.59335
12, 3.83787
13, 4.17608
14, 3.79657
15, 3.78433
16, 3.72768
17, 3.54776
18, 3.3681
19, 3.37598
20, 3.45121
21, 3.36203
22, 3.52926
23, 3.91079
24, 3.72792
25, 3.68418
26, 4.06698
27, 3.92088
28, 3.57134
29, 3.36662
30, 3.4358
31, 3.55368
32, 3.72761
33, -nan
0, 3.78218
1, 3.74129
2, 3.74177
3, 3.85833
4, 3.65685
5, 4.11922
6, 4.1852
7, 4.65428e-310
8, 4.21084
9, 3.84002
10, 3.92479
11, 3.79138
12, 4.03603
13, 4.37563
14, 3.9957
15, 3.98335
16, 3.92577
17, 3.74573
18, 3.56614
19, 3.57467
20, 3.64913
21, 3.74276
22, 3.72734
23, 4.10886
24, 3.92577
25, 3.8823
26, 4.26494
27, 4.11891
28, 3.76927
29, 3.56444
30, 3.63389
31, 3.75353
32, 3.92564
33, -nan
0, 3.98199
1, 3.94561
2, 3.94164
3, 4.05814
4, 3.85549
5, 4.31901
6, 4.38319
7, 4.65428e-310
8, 4.40896
9, 4.038
10, 4.12274
11, 3.98922
12, 4.23414
13, 4.5754
14, 4.19364
15, 4.1814
16, 4.12373
17, 3.94388
18, 3.76517
19, 3.77277
20, 3.84718
21, 3.94084
22, 3.92543
23, 4.30511
24, 4.12387
25, 4.08107
26, 4.46303
27, 4.31694
28, 3.96642
29, 3.76177
30, 3.83183
31, 3.95155
32, 4.12368
33, -nan
0, 4.18007
1, 4.14367
2, 4.13958
3, 4.25633
4, 4.05351
5, 4.51702
6, 4.72791
7, 4.65428e-310
8, 4.78917
9, 4.38122
10, 4.31892
11, 4.18722
12, 4.43219
13, 4.77326
14, 4.39129
15, 4.37923
16, 4.32171
17, 4.14195
18, 3.96305
19, 3.97066
20, 4.0452
21, 4.13879
22, 4.12348
23, 4.50294
24, 4.37041
25, 4.46225
26, 4.84403
27, 4.579
28, 4.16451
29, 3.95989
30, 4.03
31, 4.15088
32, 4.32167
33, -nan
0, 4.3801
1, 4.34183
2, 4.33889
3, 4.45586
4, 4.25151
5, 4.71525
6, 4.92614
7, 4.65428e-310
8, 4.98769
9, 4.57972
10, 4.51872
11, 4.38536
12, 4.63025
13, 4.97135
14, 4.58929
15, 4.57727
16, 4.70269
17, 4.34004
18, 4.16091
19, 4.16989
20, 4.24333
21, 4.3368
22, 4.32153
23, 4.70088
24, 4.56857
25, 4.66043
26, 5.04216
27, 4.77712
28, 4.36378
29, 4.15949
30, 4.22962
31, 4.35527
32, 4.52124
33, -nan
0, 4.5781
1, 4.54058
2, 4.53644
3, 4.65389
4, 4.61567
5, 5.09571
6, 5.25269
7, 4.65428e-310
8, 5.18572
9, 4.77786
10, 4.71674
11, 4.58342
12, 4.82815
13, 5.17083
14, 4.7869
15, 4.77505
16, 4.90036
17, 4.53791
18, 4.35905
19, 4.36806
20, 4.44157
21, 4.71762
22, 4.70194
23, 5.08144
24, 4.85081
25, 4.85912
26, 5.24039
27, 4.97535
28, 4.56191
29, 4.35752
30, 4.42759
31, 4.55438
32, 4.72103
33, -nan
0, 4.77797
1, 4.73928
2, 4.73632
3, 4.85371
4, 4.8155
5, 5.29432
6, 5.4508
7, 4.65428e-310
8, 5.38395
9, 4.97604
10, 4.91495
11, 4.78147
12, 5.02792
13, 5.36888
14, 4.98506
15, 4.97307
16, 5.09968
17, 4.736
18, 4.55713
19, 4.56788
20, 4.64137
21, 4.91749
22, 4.90004
23, 5.27971
24, 5.05103
25, 5.05726
26, 5.59088
27, 5.3564
28, 4.90178
29, 4.55562
30, 4.6266
31, 4.75429
32, 4.91909
33, -nan
0, 4.98404
1, 4.93949
2, 4.93648
3, 5.05274
4, 5.01486
5, 5.49233
6, 5.64907
7, 4.65428e-310
8, 5.58218
9, 5.17522
10, 5.18724
11, 5.16239
12, 5.40881
13, 5.74991
14, 5.3659
15, 5.31947
16, 5.29944
17, 4.93575
18, 4.757
19, 4.77222
20, 4.84261
21, 5.11754
22, 5.10017
23, 5.47985
24, 5.25114
25, 5.25722
26, 5.79058
27, 5.55445
28, 5.10154
29, 4.75318
30, 4.82446
31, 4.95177
32, 5.11712
33, -nan
0, 5.18175
1, 5.13725
2, 5.135
3, 5.25095
4, 5.21297
5, 5.69036
6, 5.84719
7, 4.65428e-310
8, 5.78021
9, 5.37451
10, 5.38537
11, 5.36051
12, 5.60703
13, 5.94966
14, 5.56409
15, 5.51749
16, 5.49765
17, 5.13387
18, 4.9549
19, 4.97159
20, 5.04268
21, 5.31571
22, 5.29909
23, 5.67944
24, 5.45089
25, 5.45681
26, 5.99017
27, 5.75312
28, 5.29939
29, 4.95128
30, 5.01952
31, 5.14978
32, 5.3158
33, -nan
0, 5.38226
1, 5.33603
2, 5.33315
3, 5.57218
4, 5.59399
5, 6.05973
6, 6.04654
7, 4.65428e-310
8, 5.97952
9, 5.57389
10, 5.58467
11, 5.55995
12, 5.80519
13, 6.14776
14, 5.76209
15, 5.71557
16, 5.69567
17, 5.33192
18, 5.15293
19, 5.16977
20, 5.24078
21, 5.51511
22, 5.49876
23, 5.87905
24, 5.65062
25, 5.65649
26, 6.18949
27, 5.95121
28, 5.4975
29, 5.14933
30, 5.21751
31, 5.34912
32, 5.514
33, -nan
0, 5.58059
1, 5.5341
2, 5.53119
3, 5.77015
4, 5.79212
5, 6.44095
6, 6.24471
7, 4.65428e-310
8, 6.17758
9, 5.77197
10, 5.78284
11, 5.75807
12, 6.00377
13, 6.34778
14, 5.96114
15, 5.91573
16, 5.89575
17, 5.53137
18, 5.35118
19, 5.36937
20, 5.43896
21, 5.71439
22, 5.69764
23, 6.07887
24, 5.85054
25, 5.8554
26, 6.38927
27, 6.15096
28, 5.69717
29, 5.34909
30, 5.41723
31, 5.55458
32, 5.71379
33, -nan
0, 5.78054
1, 5.73866
2, 5.73109
3, 6.08295
4, 6.17265
5, 6.81881
6, 6.44437
7, 4.65428e-310
8, 6.37718
9, 5.97171
10, 5.98251
11, 5.95766
12, 6.20204
13, 6.54591
14, 6.15939
15, 6.11585
16, 6.09419
17, 5.72935
18, 5.54916
19, 5.56742
20, 5.63697
21, 5.91364
22, 5.89743
23, 6.27876
24, 6.05041
25, 6.05421
26, 6.58874
27, 6.349
28, 5.89523
29, 5.54719
30, 5.61538
31, 5.75388
32, 5.91137
33, -nan
0, 5.97814
1, 5.93618
2, 5.92731
3, 6.28096
4, 6.37053
5, 7.01636
6, 6.6423
7, 4.65428e-310
8, 6.5747
9, 6.16944
10, 6.1786
11, 6.15564
12, 6.40013
13, 6.74531
14, 6.35905
15, 6.31544
16, 6.29389
17, 5.92847
18, 5.74816
19, 5.7656
20, 5.83513
21, 6.11166
22, 6.09444
23, 6.47756
24, 6.25034
25, 6.25432
26, 6.78858
27, 6.54908
28, 6.09444
29, 5.74611
30, 5.81334
31, 5.95368
32, 6.1108
33, -nan
0, 6.17726
1, 6.13556
2, 6.12732
3, 6.48024
4, 6.56929
5, 7.21441
6, 6.84057
7, 4.65428e-310
8, 6.7729
9, 6.3675
10, 6.37671
11, 6.35344
12, 6.59824
13, 6.9433
14, 6.5572
15, 6.51341
16, 6.49193
17, 6.12659
18, 5.94633
19, 5.96517
20, 6.14606
21, 6.4966
22, 6.47503
23, 6.67561
24, 6.44827
25, 6.45244
26, 6.98674
27, 6.74876
28, 6.29569
29, 5.94561
30, 6.01292
31, 6.15322
32, 6.31023
33, -nan
0, 6.37661
1, 6.33657
2, 6.32688
3, 6.67969
4, 6.76912
5, 7.41398
6, 7.0402
7, 4.65428e-310
8, 6.97252
9, 6.6139
10, 6.76003
11, 6.73663
12, 6.85945
13, 7.14281
14, 6.7567
15, 6.71288
16, 6.69132
17, 6.32569
18, 6.14541
19, 6.16474
20, 6.34516
21, 6.69567
22, 6.67433
23, 6.87495
24, 6.64771
25, 6.65194
26, 7.18726
27, 6.94815
28, 6.49737
29, 6.14516
30, 6.21242
31, 6.35417
32, 6.67894
33, -nan
0, 6.69985
1, 6.53587
2, 6.52642
3, 6.8792
4, 6.96856
5, 7.61324
6, 7.23972
7, 4.65428e-310
8, 7.17198
9, 6.81338
10, 6.95948
11, 6.93605
12, 7.05873
13, 7.34227
14, 6.95617
15, 6.91231
16, 6.89082
17, 6.52518
18, 6.34493
19, 6.36601
20, 6.68403
21, 6.90255
22, 6.88116
23, 7.0819
24, 6.85462
25, 6.85813
26, 7.38848
27, 7.14954
28, 6.69874
29, 6.34647
30, 6.41261
31, 6.55352
32, 6.87844
33, -nan
0, 6.89944
1, 6.73648
2, 6.72576
3, 7.07867
4, 7.16794
5, 7.81268
6, 7.43905
7, 4.65428e-310
8, 7.3713
9, 7.01274
10, 7.16115
11, 7.13542
12, 7.2581
13, 7.5424
14, 7.15566
15, 7.11179
16, 7.09025
17, 6.72538
18, 6.54583
19, 6.56697
20, 6.88494
21, 7.10346
22, 7.08083
23, 7.28145
24, 7.05421
25, 7.05837
26, 7.58805
27, 7.349
28, 6.89822
29, 6.54611
30, 6.61222
31, 6.7537
32, 7.07911
33, -nan
0, 7.10021
1, 6.94217
2, 6.92626
3, 7.27809
4, 7.36752
5, 8.01224
6, 7.63839
7, 4.65428e-310
8, 7.57075
9, 7.212
10, 7.36059
11, 7.33493
12, 7.45755
13, 7.74303
14, 7.35506
15, 7.31124
16, 7.28969
17, 6.92446
18, 6.74579
19, 6.77371
20, 7.0861
21, 7.30453
22, 7.28187
23, 7.48159
24, 7.25298
25, 7.25787
26, 7.7875
27, 7.54839
28, 7.09844
29, 6.74711
30, 6.81333
31, 6.96063
32, 7.28022
33, -nan
0, 7.48403
1, 7.32593
2, 7.30893
3, 7.66114
4, 7.75166
5, 8.39592
6, 8.02266
7, 4.65428e-310
8, 7.78233
9, 7.41368
10, 7.56012
11, 7.53439
12, 7.65703
13, 7.94394
14, 7.55491
15, 7.5107
16, 7.489
17, 7.12388
18, 6.94517
19, 6.97328
20, 7.28573
21, 7.50595
22, 7.48142
23, 7.68097
24, 7.45341
25, 7.45911
26, 7.9869
27, 7.74786
28, 7.29896
29, 6.94653
30, 7.01276
31, 7.16005
32, 7.53217
33, -nan
0, 7.86766
1, 7.5827
2, 7.50839
3, 7.86056
4, 7.9511
5, 8.59534
6, 8.22221
7, 4.65428e-310
8, 7.98128
9, 7.61428
10, 7.75971
11, 7.73391
12, 8.0095
13, 8.32756
14, 7.89455
15, 7.71112
16, 7.68885
17, 7.32437
18, 7.14563
19, 7.17378
20, 7.48677
21, 7.70694
22, 7.68246
23, 7.88197
24, 7.65385
25, 7.65846
26, 8.18646
27, 7.94831
28, 7.49839
29, 7.14775
30, 7.21204
31, 7.35961
32, 7.73358
33, -nan
0, 8.06722
1, 7.78212
2, 7.70783
3, 8.06014
4, 8.15065
5, 8.79472
6, 8.42157
7, 4.65428e-310
8, 8.18317
9, 7.81381
10, 7.95917
11, 7.93298
12, 8.20844
13, 8.52782
14, 8.09351
15, 7.91006
16, 7.88821
17, 7.52373
18, 7.52952
19, 7.37324
20, 7.68619
21, 7.90636
22, 7.88199
23, 8.08139
24, 7.85324
25, 7.86353
26, 8.38752
27, 8.14935
28, 7.69942
29, 7.35453
30, 7.41156
31, 7.56058
32, 7.93312
33, -nan
0, 8.26676
1, 7.98158
2, 7.90948
3, 8.25957
4, 8.35014
5, 9.00521
6, 8.8051
7, 4.65428e-310
8, 8.56773
9, 8.11086
10, 8.16035
11, 8.13252
12, 8.40788
13, 8.72799
14, 8.29462
15, 8.10957
16, 8.08915
17, 7.72335
18, 7.72903
19, 7.68761
20, 8.06962
21, 8.28344
22, 8.08138
23, 8.28079
24, 8.05279
25, 8.06472
26, 8.5871
27, 8.35076
28, 7.90067
29, 7.55586
30, 7.61291
31, 7.79721
32, 8.13265
33, -nan
0, 8.62564
1, 8.18224
2, 8.10903
3, 8.45895
4, 8.54969
5, 9.20464
6, 9.00652
7, 4.65428e-310
8, 8.76722
9, 8.31029
10, 8.3598
11, 8.33193
12, 8.60828
13, 8.92744
14, 8.49403
15, 8.30893
16, 8.28863
17, 7.92368
18, 7.92843
19, 7.88708
20, 8.26896
21, 8.48267
22, 8.28082
23, 8.48021
24, 8.25221
25, 8.26407
26, 8.78647
27, 8.55012
28, 8.10019
29, 7.75539
30, 7.81242
31, 7.99748
32, 8.33202
33, -nan
0, 8.82514
1, 8.38347
2, 8.30849
3, 8.6584
4, 8.74922
5, 9.40404
6, 9.20713
7, 4.65428e-310
8, 8.96654
9, 8.51083
10, 8.55923
11, 8.53136
12, 8.80763
13, 9.12685
14, 8.69335
15, 8.50828
16, 8.48803
17, 8.12304
18, 8.12775
19, 8.08718
20, 8.46849
21, 8.68415
22, 8.48037
23, 8.67965
24, 8.45171
25, 8.46353
26, 8.98615
27, 8.75188
28, 8.29975
29, 7.95485
30, 8.01211
31, 8.19706
32, 8.53152
33, -nan
0, 9.02461
1, 8.5847
2, 8.50792
3, 8.8577
4, 8.94871
5, 9.6036
6, 9.40661
7, 4.65428e-310
8, 9.1659
9, 8.71051
10, 8.76054
11, 8.73171
12, 9.00904
13, 9.32827
14, 8.89325
15, 8.70758
16, 8.68725
17, 8.32239
18, 8.32911
19, 8.28789
20, 8.66773
21, 8.88355
22, 8.67982
23, 8.87912
24, 8.71468
25, 8.84718
26, 9.36994
27, 8.99667
28, 8.49911
29, 8.1543
30, 8.21147
31, 8.39636
32, 8.73108
33, -nan
0, 9.22467
1, 8.78417
2, 8.70726
3, 9.05708
4, 9.14805
5, 9.80299
6, 9.60604
7, 4.65428e-310
8, 9.36515
9, 9.08217
10, 9.14431
11, 9.0519
12, 9.20856
13, 9.52908
14, 9.09231
15, 8.9064
16, 8.88682
17, 8.52167
18, 8.52847
19, 8.48719
20, 8.86903
21, 9.17167
22, 9.06388
23, 9.26303
24, 8.93343
25, 9.04656
26, 9.56941
27, 9.19619
28, 8.69845
29, 8.52946
30, 8.59513
31, 8.78098
32, 8.93228
33, -nan
0, 9.42581
1, 8.99105
2, 8.90881
3, 9.25643
4, 9.34752
5, 10.0024
6, 9.80545
7, 4.65428e-310
8, 9.72995
9, 9.46593
10, 9.47208
11, 9.25131
12, 9.40797
13, 9.73011
14, 9.29172
15, 9.10576
16, 9.08851
17, 8.72108
18, 8.72998
19, 8.68653
20, 9.1522
21, 9.55561
22, 9.44768
23, 9.48638
24, 9.13267
25, 9.24716
26, 9.76878
27, 9.39562
28, 8.89989
29, 8.72876
30, 8.79454
31, 8.9804
32, 9.13166
33, -nan
0, 9.62514
1, 9.19125
2, 9.10818
3, 9.45567
4, 9.54691
5, 10.2017
6, 10.005
7, 4.65428e-310
8, 9.92927
9, 9.66529
10, 9.67153
11, 9.45066
12, 9.6074
13, 9.93119
14, 9.49099
15, 9.30504
16, 9.28785
17, 8.92165
18, 8.92935
19, 8.8858
20, 9.35148
21, 9.75502
22, 9.64944
23, 9.68574
24, 9.3319
25, 9.44712
26, 9.9683
27, 9.59518
28, 9.09932
29, 8.92823
30, 8.99402
31, 9.18107
32, 9.33121
33, -nan
0, 9.82504
1, 9.39058
2, 9.30765
3, 9.65697
4, 9.74636
5, 10.402
6, 10.206
7, 4.65428e-310
8, 10.1304
9, 9.8663
10, 9.87263
11, 9.65047
12, 9.80672
13, 10.1307
14, 9.6905
15, 9.50453
16, 9.48722
17, 9.13094
18, 9.14385
19, 9.10183
20, 9.56591
21, 9.96986
22, 9.86417
23, 9.90058
24, 9.54651
25, 9.66173
26, 10.183
27, 9.80965
28, 9.48353
29, 9.1784
30, 9.20845
31, 9.39616
32, 9.54706
33, -nan
0, 10.0414
1, 9.60594
2, 9.52216
3, 9.87164
4, 9.96119
5, 10.6166
6, 10.4207
7, 4.65428e-310
8, 10.3451
9, 10.0827
10, 10.0875
11, 9.86515
12, 10.0214
13, 10.3453
14, 9.90535
15, 9.71912
16, 9.70202
17, 9.34561
18, 9.35841
19, 9.316
20, 9.78083
21, 10.1845
22, 10.0788
23, 10.1173
24, 9.93092
25, 10.0456
26, 10.4621
27, 10.0241
28, 9.69808
29, 9.39306
30, 9.42321
31, 9.61213
32, 9.76298
33, -nan
0, 10.2574
1, 9.90396
2, 9.90666
3, 10.2556
4, 10.191
5, 10.8311
6, 10.6353
7, 4.65428e-310
8, 10.5595
9, 10.2988
10, 10.3022
11, 10.08
12, 10.236
13, 10.5614
14, 10.2501
15, 10.1031
16, 10.0537
17, 9.56162
18, 9.57288
19, 9.53143
20, 9.99564
21, 10.3992
22, 10.2932
23, 10.3339
24, 10.1456
25, 10.2603
26, 10.6766
27, 10.2388
28, 9.91275
29, 9.60779
30, 9.6378
31, 9.827
32, 9.97755
33, -nan
0, 10.4722
1, 10.1182
2, 10.1214
3, 10.4704
4, 10.4058
5, 11.099
6, 11.0195
7, 4.65428e-310
8, 10.9437
9, 10.558
10, 10.5164
11, 10.2941
12, 10.4513
13, 10.7757
14, 10.4647
15, 10.3179
16, 10.2684
17, 9.77635
18, 9.79142
19, 9.75222
20, 10.2175
21, 10.621
22, 10.5137
23, 10.5488
24, 10.3604
25, 10.4768
26, 10.8914
27, 10.5532
28, 10.2968
29, 9.99018
30, 9.85257
31, 10.0417
32, 10.1923
33, -nan
0, 10.6865
1, 10.3342
2, 10.336
3, 10.685
4, 10.6204
5, 11.3138
6, 11.2342
7, 4.65428e-310
8, 11.1585
9, 10.7724
10, 10.731
11, 10.5088
12, 10.666
13, 10.9901
14, 10.6793
15, 10.5323
16, 10.483
17, 9.99145
18, 10.0058
19, 9.96682
20, 10.432
21, 10.8357
22, 10.7284
23, 10.7635
24, 10.6675
25, 10.8613
26, 11.2758
27, 10.7803
28, 10.5182
29, 10.2117
30, 10.074
31, 10.3481
32, 10.5767
33, -nan
0, 10.9094
1, 10.5499
2, 10.5505
3, 10.8994
4, 10.8352
5, 11.5284
6, 11.4489
7, 4.65428e-310
8, 11.373
9, 10.987
10, 10.9456
11, 10.7235
12, 10.8807
13, 11.3746
14, 10.8939
15, 10.747
16, 10.6976
17, 10.2059
18, 10.2203
19, 10.1816
20, 10.6468
21, 11.0502
22, 10.9433
23, 10.9781
24, 10.882
25, 11.0772
26, 11.4905
27, 11.0399
28, 10.9023
29, 10.5958
30, 10.342
31, 10.5627
32, 10.7915
33, -nan
0, 11.1237
1, 10.7645
2, 10.7648
3, 11.1142
4, 11.05
5, 11.7441
6, 11.6635
7, 4.65428e-310
8, 11.5877
9, 11.2017
10, 11.1604
11, 10.9381
12, 11.0954
13, 11.5898
14, 11.1084
15, 10.9616
16, 10.9122
17, 10.4206
18, 10.435
19, 10.3964
20, 10.8625
21, 11.266
22, 11.1598
23, 11.1946
24, 11.0977
25, 11.2929
26, 11.7047
27, 11.2553
28, 11.1169
29, 10.8103
30, 10.5564
31, 10.7772
32, 11.0084
33, -nan
0, 11.3384
1, 10.9809
2, 11.1492
3, 11.3285
4, 11.2647
5, 11.9581
6, 11.8782
7, 4.65428e-310
8, 11.8043
9, 11.4164
10, 11.3748
11, 11.1527
12, 11.3117
13, 11.8043
14, 11.323
15, 11.1762
16, 11.1268
17, 10.6353
18, 10.6504
19, 10.6109
20, 11.077
21, 11.4823
22, 11.3741
23, 11.4092
24, 11.3124
25, 11.5075
26, 11.9194
27, 11.4708
28, 11.333
29, 11.0263
30, 10.7723
31, 10.9984
32, 11.2231
33, -nan
0, 11.553
1, 11.1958
2, 11.3638
3, 11.5428
4, 11.4793
5, 12.1726
6, 12.0928
7, 4.65428e-310
8, 12.0197
9, 11.6309
10, 11.5893
11, 11.3672
12, 11.5586
13, 12.1882
14, 11.7069
15, 11.4577
16, 11.3424
17, 10.8512
18, 10.8662
19, 10.826
20, 11.2917
21, 11.697
22, 11.5886
23, 11.6239
24, 11.5268
25, 11.7234
26, 12.1337
27, 11.685
28, 11.5472
29, 11.2409
30, 10.987
31, 11.2146
32, 11.4377
33, -nan
0, 11.77
1, 11.4102
2, 11.5785
3, 11.7573
4, 11.6937
5, 12.3872
6, 12.3076
7, 4.65428e-310
8, 12.2342
9, 11.8464
10, 11.8054
11, 11.5834
12, 11.7804
13, 12.4044
14, 11.9221
15, 11.6725
16, 11.5571
17, 11.0658
18, 11.0809
19, 11.0462
20, 11.5079
21, 11.9127
22, 11.8043
23, 11.8395
24, 11.7422
25, 11.9388
26, 12.355
27, 11.9002
28, 11.7639
29, 11.4554
30, 11.2014
31, 11.4292
32, 11.6525
33, -nan
0, 11.9848
1, 11.6266
2, 11.7934
3, 12.1196
4, 12.0782
5, 12.7222
6, 12.5221
7, 4.65428e-310
8, 12.449
9, 12.0612
10, 12.0196
11, 11.7977
12, 11.9948
13, 12.6208
14, 12.1365
15, 11.8871
16, 11.7716
17, 11.2806
18, 11.2956
19, 11.2609
20, 11.7234
21, 12.1271
22, 12.0188
23, 12.0541
24, 11.9568
25, 12.1543
26, 12.5707
27, 12.2854
28, 11.9791
29, 11.6717
30, 11.4159
31, 11.6453
32, 11.867
33, -nan
0, 12.3687
1, 12.0107
2, 12.0081
3, 12.5037
4, 12.4621
5, 13.106
6, 12.9061
7, 4.65428e-310
8, 12.755
9, 12.2757
10, 12.2349
11, 12.0127
12, 12.2095
13, 12.8367
14, 12.3511
15, 12.1036
16, 11.9861
17, 11.5505
18, 11.6801
19, 11.6454
20, 11.9804
21, 12.3415
22, 12.2336
23, 12.2688
24, 12.1727
25, 12.3688
26, 12.7851
27, 12.5001
28, 12.1939
29, 11.8861
30, 11.6304
31, 11.8598
32, 12.0818
33, -nan
0, 12.5832
1, 12.2254
2, 12.2225
3, 12.7181
4, 12.6775
5, 13.3224
6, 13.1227
7, 4.65428e-310
8, 12.9712
9, 12.492
10, 12.4494
11, 12.2275
12, 12.4242
13, 13.0526
14, 12.5655
15, 12.318
16, 12.2024
17, 11.7652
18, 11.8946
19, 11.861
20, 12.1949
21, 12.5559
22, 12.4483
23, 12.4835
24, 12.3872
25, 12.5832
26, 12.9997
27, 12.7146
28, 12.5056
29, 12.2701
30, 12.0144
31, 12.2442
32, 12.4662
33, -nan
0, 12.9676
1, 12.6099
2, 12.4632
3, 12.9328
4, 12.8921
5, 13.5371
6, 13.3373
7, 4.65428e-310
8, 13.1859
9, 12.7065
10, 12.6641
11, 12.4423
12, 12.6394
13, 13.2685
14, 12.7811
15, 12.5395
16, 12.4177
17, 11.98
18, 12.111
19, 12.0754
20, 12.4096
21, 12.7699
22, 12.6627
23, 12.6982
24, 12.6017
25, 12.7976
26, 13.2142
27, 12.9293
28, 12.7204
29, 12.4841
30, 12.2288
31, 12.4605
32, 12.6808
33, -nan
0, 13.1822
1, 12.8246
2, 12.6777
3, 13.1474
4, 13.1067
5, 13.7976
6, 13.7213
7, 4.65428e-310
8, 13.5699
9, 12.9736
10, 12.8789
11, 12.6568
12, 12.8538
13, 13.4847
14, 12.9958
15, 12.754
16, 12.6323
17, 12.1956
18, 12.3261
19, 12.2911
20, 12.6252
21, 12.9856
22, 12.8784
23, 12.9124
24, 12.8161
25, 13.0136
26, 13.4289
27, 13.2135
28, 13.1048
29, 12.8685
30, 12.4722
31, 12.6768
32, 12.8954
33, -nan
0, 13.3968
1, 13.0403
2, 12.8922
3, 13.3621
4, 13.3215
5, 14.1289
6, 14.1052
7, 4.65428e-310
8, 13.9353
9, 13.1881
10, 13.0933
11, 12.8733
12, 13.0686
13, 13.7907
14, 13.3803
15, 13.1384
16, 12.8527
17, 12.4104
18, 12.5408
19, 12.5074
20, 12.8398
21, 13.2002
22, 13.0933
23, 13.127
24, 13.0308
25, 13.2279
26, 13.6457
27, 13.4282
28, 13.3196
29, 13.085
30, 12.6868
31, 12.8916
32, 13.1101
33, -nan
0, 13.7261
1, 13.4243
2, 13.2602
3, 13.578
4, 13.5376
5, 14.345
6, 14.3212
7, 4.65428e-310
8, 14.1502
9, 13.4026
10, 13.3081
11, 13.0899
12, 13.2831
13, 14.0058
14, 13.5948
15, 13.3532
16, 13.0672
17, 12.6251
18, 12.7554
19, 12.7221
20, 13.0542
21, 13.4172
22, 13.309
23, 13.343
24, 13.2467
25, 13.4439
26, 13.8613
27, 13.6422
28, 13.5341
29, 13.2997
30, 12.9011
31, 13.107
32, 13.3249
33, -nan
0, 13.9409
1, 13.6399
2, 13.4747
3, 13.7922
4, 13.7539
5, 14.5597
6, 14.5356
7, 4.65428e-310
8, 14.3665
9, 13.6174
10, 13.5228
11, 13.3045
12, 13.6672
13, 14.3899
14, 13.9786
15, 13.7372
16, 13.4511
17, 12.8683
18, 12.9701
19, 12.9368
20, 13.2687
21, 13.6322
22, 13.5232
23, 13.5578
24, 13.4615
25, 13.6602
26, 14.1956
27, 14.0262
28, 13.897
29, 13.5145
30, 13.1156
31, 13.3217
32, 13.5394
33, -nan
0, 14.1555
1, 13.8547
2, 13.6893
3, 14.0069
4, 13.9684
5, 14.7743
6, 14.7504
7, 4.65428e-310
8, 14.5812
9, 13.8319
10, 13.7372
11, 13.519
12, 13.882
13, 14.604
14, 14.1937
15, 13.9517
16, 13.6657
17, 13.0829
18, 13.1851
19, 13.1512
20, 13.4832
21, 13.8469
22, 13.7379
23, 13.7736
24, 13.6781
25, 13.8821
26, 14.4119
27, 14.2424
28, 14.1115
29, 13.7291
30, 13.33
31, 13.5364
32, 13.7539
33, -nan
0, 14.5395
1, 14.1141
2, 13.904
3, 14.2207
4, 14.1817
5, 14.9891
6, 14.9639
7, 4.65428e-310
8, 14.7954
9, 14.0463
10, 13.9512
11, 13.8272
12, 14.2661
13, 14.9881
14, 14.5784
15, 14.1661
16, 14.0503
17, 13.4668
18, 13.5691
19, 13.4698
20, 13.6979
21, 14.0613
22, 13.9527
23, 13.988
24, 13.8925
25, 14.0966
26, 14.6261
27, 14.4539
28, 14.3252
29, 13.9436
30, 13.5447
31, 13.7512
32, 13.9686
33, -nan
0, 14.7542
1, 14.3289
2, 14.1156
3, 14.4323
4, 14.3935
5, 15.2008
6, 15.1757
7, 4.65428e-310
8, 15.007
9, 14.2579
10, 14.1628
11, 14.0388
12, 14.4777
13, 15.2011
14, 14.7914
15, 14.3777
16, 14.262
17, 13.6797
18, 13.7836
19, 13.6849
20, 13.9125
21, 14.276
22, 14.1682
23, 14.2026
24, 14.2768
25, 14.3087
26, 14.8407
27, 14.6684
28, 14.5395
29, 14.1581
30, 13.7595
31, 13.9671
32, 14.1843
33, -nan
0, 14.9686
1, 14.5437
2, 14.3303
3, 14.6471
4, 14.6081
5, 15.4153
6, 15.3919
7, 4.65428e-310
8, 15.2212
9, 14.6422
10, 14.5471
11, 14.2538
12, 14.692
13, 15.4154
14, 15.0061
15, 14.5924
16, 14.4766
17, 13.8943
18, 13.9981
19, 13.9008
20, 14.1276
21, 14.4908
22, 14.383
23, 14.4174
24, 14.5364
25, 14.6931
26, 15.2251
27, 14.937
28, 14.7554
29, 14.374
30, 13.9754
31, 14.1872
32, 14.399
33, -nan
0, 15.1832
1, 14.7581
2, 14.5449
3, 14.8614
4, 14.8223
5, 15.6294
6, 15.6062
7, 4.65428e-310
8, 15.4356
9, 14.8569
10, 14.7635
11, 14.4685
12, 14.9075
13, 15.631
14, 15.2206
15, 14.9758
16, 14.6881
17, 14.1054
18, 14.2099
19, 14.1133
20, 14.3391
21, 14.7026
22, 14.5947
23, 14.6295
24, 14.7481
25, 14.9047
26, 15.4367
27, 15.1513
28, 14.9699
29, 14.5886
30, 14.1916
31, 14.4091
32, 14.6153
33, -nan
0, 15.3992
1, 14.9729
2, 14.7596
3, 15.0759
4, 15.037
5, 15.8444
6, 15.8208
7, 4.65428e-310
8, 15.6502
9, 15.0715
10, 14.9782
11, 14.6833
12, 15.1221
13, 15.8457
14, 15.4353
15, 15.1906
16, 14.9028
17, 14.3199
18, 14.4245
19, 14.3281
20, 14.5555
21, 14.9188
22, 14.8107
23, 14.8452
24, 14.9665
25, 15.1213
26, 15.6534
27, 15.3678
28, 15.1851
29, 14.8036
30, 14.406
31, 14.6242
32, 14.8298
33, -nan
0, 15.613
1, 15.1872
2, 14.9737
3, 15.29
4, 15.2514
5, 16.059
6, 16.0357
7, 4.65428e-310
8, 15.8648
9, 15.2862
10, 15.1939
11, 14.8991
12, 15.3379
13, 16.0666
14, 15.6509
15, 15.4064
16, 15.1187
17, 14.5356
18, 14.6402
19, 14.5441
20, 14.77
21, 15.1332
22, 15.0253
23, 15.0596
24, 15.1812
25, 15.3361
26, 15.8691
27, 15.5824
28, 15.3999
29, 15.0181
30, 14.6207
31, 14.8401
32, 15.0443
33, -nan
0, 15.8276
1, 15.4035
2, 15.1884
3, 15.5327
4, 15.4658
5, 16.2754
6, 16.2502
7, 4.65428e-310
8, 16.0794
9, 15.5009
10, 15.4086
11, 15.1137
12, 15.5526
13, 16.2811
14, 15.8664
15, 15.6208
16, 15.3333
17, 14.7501
18, 14.8547
19, 14.7581
20, 14.9845
21, 15.3474
22, 15.3262
23, 15.444
24, 15.5658
25, 15.5689
26, 16.0856
27, 15.7988
28, 15.6163
29, 15.2337
30, 14.8354
31, 15.0555
32, 15.259
33, -nan
0, 16.0481
1, 15.6192
2, 15.4044
3, 15.7484
4, 15.6813
5, 16.4899
6, 16.4649
7, 4.65428e-310
8, 16.2961
9, 15.7157
10, 15.6233
11, 15.3285
12, 15.7674
13, 16.4956
14, 16.081
15, 15.8355
16, 15.548
17, 14.9646
18, 15.0694
19, 14.9731
20, 15.1989
21, 15.562
22, 15.5408
23, 15.6586
24, 15.7802
25, 15.7851
26, 16.3001
27, 16.0134
28, 15.8311
29, 15.4484
30, 15.0501
31, 15.2716
32, 15.4736
33, -nan
0, 16.2628
1, 15.8337
2, 15.6189
3, 15.9635
4, 15.8958
5, 16.7045
6, 16.6795
7, 4.65428e-310
8, 16.5107
9, 15.9307
10, 15.8381
11, 15.5432
12, 15.9823
13, 16.7107
14, 16.2959
15, 16.0502
16, 15.7627
17, 15.1792
18, 15.2841
19, 15.1881
20, 15.4137
21, 15.7766
22, 15.7555
23, 15.8734
24, 15.9947
25, 15.9996
26, 16.5147
27, 16.2974
28, 16.2154
29, 15.8329
30, 15.2938
31, 15.4864
32, 15.6883
33, -nan
0, 16.4774
1, 16.0484
2, 15.8335
3, 16.178
4, 16.1105
5, 16.9191
6, 16.894
7, 4.65428e-310
8, 16.7254
9, 16.1454
10, 16.0712
11, 15.9271
12, 16.3662
13, 17.0067
14, 16.5122
15, 16.2647
16, 15.9773
17, 15.3958
18, 15.5004
19, 15.4039
20, 15.6301
21, 15.9929
22, 15.9714
23, 16.0877
24, 16.2063
25, 16.2108
26, 16.7263
27, 16.51
28, 16.4285
29, 16.0457
30, 15.5073
31, 15.6992
32, 15.8995
33, -nan
0, 16.6889
1, 16.2601
2, 16.0463
3, 16.3915
4, 16.3236
5, 17.1328
6, 17.1073
7, 4.65428e-310
8, 16.9371
9, 16.3571
10, 16.2829
11, 16.1384
12, 16.578
13, 17.2182
14, 16.7238
15, 16.4767
16, 16.1892
17, 15.716
18, 15.8819
19, 15.7776
20, 15.8418
21, 16.2045
22, 16.1831
23, 16.2994
24, 16.4179
25, 16.4225
26, 16.9381
27, 16.7216
28, 16.6401
29, 16.3893
30, 15.8892
31, 16.0505
32, 16.1108
33, -nan
0, 16.9007
1, 16.4716
2, 16.2578
3, 16.6033
4, 16.5353
5, 17.3445
6, 17.3208
7, 4.65428e-310
8, 17.1487
9, 16.5685
10, 16.4947
11, 16.3499
12, 16.8345
13, 17.6014
14, 17.1077
15, 16.7468
16, 16.4039
17, 15.9305
18, 16.0965
19, 15.9938
20, 16.0564
21, 16.419
22, 16.3978
23, 16.5148
24, 16.6322
25, 16.6382
26, 17.1527
27, 16.9361
28, 16.8545
29, 16.7671
30, 16.2731
31, 16.37
32, 16.3252
33, -nan
0, 17.1154
1, 16.6878
2, 16.6104
3, 16.9873
4, 16.8796
5, 17.5607
6, 17.5353
7, 4.65428e-310
8, 17.3638
9, 16.7829
10, 16.7094
11, 16.5643
12, 17.0492
13, 17.8158
14, 17.3367
15, 17.1309
16, 16.788
17, 16.2288
18, 16.3109
19, 16.2101
20, 16.2709
21, 16.6336
22, 16.6123
23, 16.7294
24, 16.847
25, 16.8538
26, 17.3671
27, 17.1504
28, 17.069
29, 16.9818
30, 16.4876
31, 16.5856
32, 16.5393
33, -nan
0, 17.3299
1, 16.9043
2, 16.8269
3, 17.2037
4, 17.0955
5, 17.7766
6, 17.7506
7, 4.65428e-310
8, 17.5804
9, 16.9975
10, 16.924
11, 16.7788
12, 17.2634
13, 18.0305
14, 17.5513
15, 17.3455
16, 17.0024
17, 16.4434
18, 16.5251
19, 16.4242
20, 16.485
21, 16.8483
22, 16.8268
23, 16.9442
24, 17.0616
25, 17.0687
26, 17.583
27, 17.3665
28, 17.2852
29, 17.1979
30, 16.7025
31, 16.8005
32, 16.7536
33, -nan
0, 17.5443
1, 17.1179
2, 17.0414
3, 17.4184
4, 17.3101
5, 17.9921
6, 17.9652
7, 4.65428e-310
8, 17.7949
9, 17.2122
10, 17.1385
11, 16.9948
12, 17.4796
13, 18.2527
14, 17.7673
15, 17.5616
16, 17.2185
17, 16.6576
18, 16.7381
19, 16.806
20, 16.8663
21, 17.2299
22, 17.07
23, 17.1556
24, 17.2734
25, 17.2814
26, 17.7944
27, 17.5781
28, 17.4968
29, 17.4102
30, 16.9141
31, 17.0121
32, 16.965
33, -nan
0, 17.7586
1, 17.3295
2, 17.253
3, 17.6301
4, 17.5217
5, 18.2038
6, 18.179
7, 4.65428e-310
8, 18.0066
9, 17.4242
10, 17.3512
11, 17.2093
12, 17.6942
13, 18.4687
14, 17.9817
15, 17.7764
16, 17.4329
17, 16.8722
18, 16.9526
19, 17.0206
20, 17.081
21, 17.5293
22, 17.4539
23, 17.5396
24, 17.5016
25, 17.4973
26, 18.0092
27, 17.7928
28, 17.7113
29, 17.6249
30, 17.1288
31, 17.2267
32, 17.1802
33, -nan
0, 17.973
1, 17.5452
2, 17.4674
3, 17.8448
4, 17.7363
5, 18.4185
6, 18.3914
7, 4.65428e-310
8, 18.218
9, 17.6367
10, 17.565
11, 17.4225
12, 17.9075
13, 18.687
14, 18.1954
15, 17.9897
16, 17.6444
17, 17.0839
18, 17.1642
19, 17.2319
20, 17.2926
21, 17.7408
22, 17.6658
23, 17.751
24, 17.7132
25, 17.709
26, 18.2203
27, 18.0045
28, 17.9228
29, 17.8366
30, 17.3405
31, 17.4394
32, 17.3918
33, -nan
0, 18.1844
1, 17.7577
2, 17.6793
3, 18.0562
4, 17.9476
5, 18.6301
6, 18.6032
7, 4.65428e-310
8, 18.4295
9, 17.8499
10, 17.7782
11, 17.6351
12, 18.1205
13, 18.9025
14, 18.407
15, 18.2015
16, 17.8558
17, 17.2954
18, 17.3758
19, 17.4455
20, 17.5071
21, 17.9551
22, 17.9356
23, 18.1352
24, 18.0976
25, 17.967
26, 18.4345
27, 18.219
28, 18.1376
29, 18.0513
30, 17.5554
31, 17.6541
32, 17.6064
33, -nan
0, 18.3995
1, 17.973
2, 17.8946
3, 18.2717
4, 18.1626
5, 18.8445
6, 18.8177
7, 4.65428e-310
8, 18.6438
9, 18.0645
10, 17.9929
11, 17.852
12, 18.3341
13, 19.118
14, 18.6219
15, 18.416
16, 18.0703
17, 17.5099
18, 17.5906
19, 17.6602
20, 17.7218
21, 18.172
22, 18.15
23, 18.3499
24, 18.3123
25, 18.1814
26, 18.649
27, 18.4338
28, 18.3785
29, 18.4356
30, 17.9398
31, 17.9402
32, 17.8208
33, -nan
0, 18.6141
1, 18.1876
2, 18.1101
3, 18.4875
4, 18.379
5, 19.0602
6, 19.0329
7, 4.65428e-310
8, 18.858
9, 18.2792
10, 18.2072
11, 18.0672
12, 18.5487
13, 19.3325
14, 18.8363
15, 18.6317
16, 18.285
17, 17.7243
18, 17.8047
19, 17.8754
20, 17.9363
21, 18.3878
22, 18.3659
23, 18.566
24, 18.5283
25, 18.3969
26, 18.8631
27, 18.6486
28, 18.5932
29, 18.6502
30, 18.1544
31, 18.1564
32, 18.0354
33, -nan
0, 18.8286
1, 18.4034
2, 18.3237
3, 18.7022
4, 18.5937
5, 19.2747
6, 19.2476
7, 4.65428e-310
8, 19.0742
9, 18.4939
10, 18.4217
11, 18.2821
12, 18.7635
13, 19.5481
14, 19.0521
15, 18.847
16, 18.4997
17, 17.9391
18, 18.0194
19, 18.0899
20, 18.1511
21, 18.6024
22, 18.5806
23, 18.7805
24, 18.7657
25, 18.7813
26, 19.2474
27, 18.9394
28, 18.8073
29, 18.8651
30, 18.3689
31, 18.3727
32, 18.4168
33, -nan
0, 19.1441
1, 18.6177
2, 18.5384
3, 18.9169
4, 18.8083
5, 19.6293
6, 19.6316
7, 4.65428e-310
8, 19.4168
9, 18.7083
10, 18.6365
11, 18.4969
12, 18.978
13, 19.8767
14, 19.436
15, 19.2158
16, 18.7154
17, 18.1536
18, 18.234
19, 18.3045
20, 18.3656
21, 18.8171
22, 18.7951
23, 18.9949
24, 18.9805
25, 18.9958
26, 19.462
27, 19.1554
28, 19.0221
29, 19.0798
30, 18.5835
31, 18.5874
32, 18.6314
33, -nan
0, 19.3588
1, 18.8324
2, 18.753
3, 19.1315
4, 19.0228
5, 19.8437
6, 20.0159
7, 4.65428e-310
8, 19.6315
9, 18.9237
10, 18.8509
11, 18.7115
12, 19.1927
13, 20.0915
14, 19.6522
15, 19.4303
16, 18.9302
17, 18.3683
18, 18.4927
19, 18.6883
20, 18.7496
21, 19.0867
22, 19.011
23, 19.2109
24, 19.1964
25, 19.2112
26, 19.6783
27, 19.372
28, 19.2377
29, 19.2963
30, 18.7988
31, 18.802
32, 18.8459
33, -nan
0, 19.5735
1, 19.0481
2, 18.9674
3, 19.3463
4, 19.2376
5, 20.0583
6, 20.4003
7, 4.65428e-310
8, 20.0159
9, 19.1952
10, 19.0666
11, 18.9278
12, 19.409
13, 20.3092
14, 19.8735
15, 19.6515
16, 19.1515
17, 18.5896
18, 18.7093
19, 18.9031
20, 18.9645
21, 19.3012
22, 19.2256
23, 19.4255
24, 19.4119
25, 19.4269
26, 19.8929
27, 19.5873
28, 19.4535
29, 19.5121
30, 19.0147
31, 19.0233
32, 19.0607
33, -nan
0, 19.788
1, 19.2626
2, 19.2564
3, 19.7313
4, 19.6227
5, 20.296
6, 20.6163
7, 4.65428e-310
8, 20.2305
9, 19.41
10, 19.2813
11, 19.1423
12, 19.6237
13, 20.5246
14, 20.0883
15, 19.8671
16, 19.368
17, 18.8061
18, 18.9259
19, 19.1577
20, 19.3502
21, 19.6855
22, 19.5051
23, 19.6417
24, 19.6283
25, 19.6427
26, 20.1091
27, 19.8021
28, 19.6683
29, 19.7269
30, 19.2294
31, 19.2383
32, 19.275
33, -nan
0, 20.0027
1, 19.4772
2, 19.471
3, 19.9461
4, 19.8373
5, 20.5112
6, 20.8306
7, 4.65428e-310
8, 20.4453
9, 19.6247
10, 19.4961
11, 19.357
12, 19.8388
13, 20.7402
14, 20.3046
15, 20.0833
16, 19.5836
17, 19.1904
18, 19.1405
19, 19.3729
20, 19.5653
21, 19.9014
22, 19.721
23, 19.8575
24, 19.8438
25, 19.8577
26, 20.3235
27, 20.0167
28, 19.883
29, 20.0099
30, 19.4503
31, 19.4547
32, 19.4906
33, -nan
0, 20.2174
1, 19.6934
2, 19.6858
3, 20.1608
4, 20.0525
5, 20.7259
6, 21.0452
7, 4.65428e-310
8, 20.6599
9, 19.8394
10, 19.7107
11, 19.5716
12, 20.0535
13, 20.9548
14, 20.586
15, 20.3043
16, 19.8049
17, 19.4117
18, 19.3919
19, 19.7572
20, 19.9496
21, 20.1829
22, 19.9355
23, 20.0714
24, 20.0582
25, 20.0723
26, 20.5382
27, 20.2313
28, 20.0977
29, 20.2246
30, 19.6656
31, 19.6691
32, 19.7052
33, -nan
0, 20.4321
1, 20.0565
2, 20.0702
3, 20.4943
4, 20.2666
5, 20.9399
6, 21.2593
7, 4.65428e-310
8, 20.8742
9, 20.0539
10, 19.9253
11, 19.7862
12, 20.2682
13, 21.1701
14, 20.8002
15, 20.5188
16, 20.0197
17, 19.6263
18, 19.6065
19, 19.9718
20, 20.1644
21, 20.3976
22, 20.1502
23, 20.2861
24, 20.2726
25, 20.287
26, 20.7529
27, 20.4458
28, 20.3138
29, 20.4391
30, 19.8803
31, 19.8853
32, 19.9196
33, -nan
0, 20.6469
1, 20.2712
2, 20.2849
3, 20.7088
4, 20.4814
5, 21.1545
6, 21.6002
7, 4.65428e-310
8, 21.0883
9, 20.2679
10, 20.1394
11, 20.0005
12, 20.4832
13, 21.3846
14, 21.015
15, 20.7334
16, 20.2341
17, 19.8408
18, 19.821
19, 20.1877
20, 20.3795
21, 20.6121
22, 20.3646
23, 20.5007
24, 20.4889
25, 20.5016
26, 20.9676
27, 20.6605
28, 20.5283
29, 20.6561
30, 20.1584
31, 20.2694
32, 20.3035
33, -nan
0, 21.0308
1, 20.6192
2, 20.4995
3, 20.9232
4, 20.696
5, 21.3691
6, 21.8148
7, 4.65428e-310
8, 21.3036
9, 20.4828
10, 20.3542
11, 20.2152
12, 20.6995
13, 21.5993
14, 21.2297
15, 20.9481
16, 20.4486
17, 20.055
18, 20.0357
19, 20.404
20, 20.5941
21, 20.8269
22, 20.5816
23, 20.715
24, 20.7036
25, 20.7168
26, 21.1833
27, 20.8762
28, 20.7439
29, 20.8718
30, 20.3733
31, 20.4843
32, 20.5179
33, -nan
0, 21.2454
1, 20.835
2, 20.7156
3, 21.1395
4, 20.9125
5, 21.584
6, 22.0291
7, 4.65428e-310
8, 21.5183
9, 20.6969
10, 20.5683
11, 20.4299
12, 20.9141
13, 21.8153
14, 21.4444
15, 21.25
16, 20.8326
17, 20.4389
18, 20.2608
19, 20.6199
20, 20.8086
21, 21.0415
22, 20.7964
23, 20.9294
24, 20.9184
25, 20.9315
26, 21.3979
27, 21.0916
28, 20.9598
29, 21.0877
30, 20.5892
31, 20.7
32, 20.7325
33, -nan
0, 21.46
1, 21.0505
2, 20.9309
3, 21.3555
4, 21.1291
5, 21.8003
6, 22.2452
7, 4.65428e-310
8, 21.733
9, 20.9116
10, 20.7843
11, 20.6445
12, 21.1287
13, 22.03
14, 21.6591
15, 21.4659
16, 21.047
17, 20.6548
18, 20.4761
19, 20.8358
20, 21.0244
21, 21.2566
22, 21.0105
23, 21.1443
24, 21.1332
25, 21.1461
26, 21.6126
27, 21.3063
28, 21.1745
29, 21.3023
30, 20.8039
31, 20.9148
32, 20.9486
33, -nan
0, 21.6746
1, 21.2649
2, 21.1456
3, 21.5701
4, 21.3446
5, 22.0146
6, 22.4599
7, 4.65428e-310
8, 22.1174
9, 21.1263
10, 20.9991
11, 20.859
12, 21.3434
13, 22.2447
14, 21.8738
15, 21.6806
16, 21.2617
17, 20.8696
18, 20.6908
19, 21.0505
20, 21.2391
21, 21.471
22, 21.2253
23, 21.3589
24, 21.3474
25, 21.3605
26, 21.8271
27, 21.5206
28, 21.3886
29, 21.5172
30, 21.0186
31, 21.1297
32, 21.3153
33, -nan
0, 21.8903
1, 21.487
2, 21.3611
3, 21.7861
4, 21.7297
5, 22.2312
6, 22.6764
7, 4.65428e-310
8, 22.3324
9, 21.341
10, 21.2139
11, 21.0738
12, 21.5592
13, 22.4589
14, 22.0883
15, 21.8952
16, 21.4763
17, 21.0842
18, 20.9052
19, 21.2667
20, 21.4538
21, 21.6858
22, 21.4395
23, 21.5732
24, 21.5621
25, 21.5763
26, 22.0425
27, 21.7368
28, 21.605
29, 21.7338
30, 21.2353
31, 21.3467
32, 21.5307
33, -nan
0, 22.1048
1, 21.7669
2, 21.7451
3, 22.17
4, 21.9783
5, 22.4458
6, 22.8911
7, 4.65428e-310
8, 22.5473
9, 21.5558
10, 21.4304
11, 21.2906
12, 21.7761
13, 22.6757
14, 22.3038
15, 22.1099
16, 21.6908
17, 21.2989
18, 21.1199
19, 21.4815
20, 21.6683
21, 21.9005
22, 21.6538
23, 21.7879
24, 21.7768
25, 21.7909
26, 22.2572
27, 21.9514
28, 21.8208
29, 22.12
30, 21.4519
31, 21.6023
32, 21.9146
33, -nan
0, 22.383
1, 21.9815
2, 21.9616
3, 22.3846
4, 22.1927
5, 22.6605
6, 23.1076
7, 4.65428e-310
8, 22.7622
9, 21.7706
10, 21.6447
11, 21.5049
12, 21.9908
13, 22.8903
14, 22.5185
15, 22.4782
16, 22.0753
17, 21.6278
18, 21.3362
19, 21.7026
20, 21.8846
21, 22.1165
22, 21.8687
23, 22.0025
24, 21.9913
25, 22.0062
26, 22.4715
27, 22.1656
28, 22.0355
29, 22.3348
30, 21.6682
31, 21.8216
32, 22.1311
33, -nan
0, 22.5997
1, 22.1973
2, 22.1761
3, 22.5993
4, 22.4075
5, 22.8751
6, 23.3221
7, 4.65428e-310
8, 22.9769
9, 21.9851
10, 21.8593
11, 21.7195
12, 22.3701
13, 23.2742
14, 22.837
15, 22.6943
16, 22.2914
17, 21.8433
18, 21.552
19, 21.9188
20, 22.0993
21, 22.3312
22, 22.0833
23, 22.2173
24, 22.2073
25, 22.222
26, 22.6874
27, 22.3813
28, 22.2505
29, 22.549
30, 21.8829
31, 22.0361
32, 22.3458
33, -nan
